7.000000 0.000000 0.000000 1.0 4.000000 0.000000 1.000000 1.0 3.804226 1.236068 1.000000 1.0 
7.000000 0.000000 0.000000 1.0 3.804226 1.236068 1.000000 1.0 6.657396 2.163119 0.000000 1.0 
4.000000 0.000000 1.000000 1.0 3.000000 0.000000 2.000000 1.0 2.853170 0.927051 2.000000 1.0 
4.000000 0.000000 1.000000 1.0 2.853170 0.927051 2.000000 1.0 3.804226 1.236068 1.000000 1.0 
3.000000 0.000000 2.000000 1.0 2.000000 0.000000 3.000000 1.0 1.902113 0.618034 3.000000 1.0 
3.000000 0.000000 2.000000 1.0 1.902113 0.618034 3.000000 1.0 2.853170 0.927051 2.000000 1.0 
2.000000 0.000000 3.000000 1.0 3.000000 0.000000 4.000000 1.0 2.853170 0.927051 4.000000 1.0 
2.000000 0.000000 3.000000 1.0 2.853170 0.927051 4.000000 1.0 1.902113 0.618034 3.000000 1.0 
3.000000 0.000000 4.000000 1.0 4.000000 0.000000 5.000000 1.0 3.804226 1.236068 5.000000 1.0 
3.000000 0.000000 4.000000 1.0 3.804226 1.236068 5.000000 1.0 2.853170 0.927051 4.000000 1.0 
4.000000 0.000000 5.000000 1.0 6.000000 0.000000 6.000000 1.0 5.706339 1.854102 6.000000 1.0 
4.000000 0.000000 5.000000 1.0 5.706339 1.854102 6.000000 1.0 3.804226 1.236068 5.000000 1.0 
6.000000 0.000000 6.000000 1.0 8.000000 0.000000 7.000000 1.0 7.608452 2.472136 7.000000 1.0 
6.000000 0.000000 6.000000 1.0 7.608452 2.472136 7.000000 1.0 5.706339 1.854102 6.000000 1.0 
8.000000 0.000000 7.000000 1.0 11.000000 0.000000 8.000000 1.0 10.461622 3.399187 8.000000 1.0 
8.000000 0.000000 7.000000 1.0 10.461622 3.399187 8.000000 1.0 7.608452 2.472136 7.000000 1.0 
11.000000 0.000000 8.000000 1.0 11.000000 0.000000 12.000000 1.0 10.461622 3.399187 12.000000 1.0 
11.000000 0.000000 8.000000 1.0 10.461622 3.399187 12.000000 1.0 10.461622 3.399187 8.000000 1.0 
11.000000 0.000000 12.000000 1.0 11.000000 0.000000 14.000000 1.0 10.461622 3.399187 14.000000 1.0 
11.000000 0.000000 12.000000 1.0 10.461622 3.399187 14.000000 1.0 10.461622 3.399187 12.000000 1.0 
11.000000 0.000000 14.000000 1.0 11.000000 0.000000 16.000000 1.0 10.461622 3.399187 16.000000 1.0 
11.000000 0.000000 14.000000 1.0 10.461622 3.399187 16.000000 1.0 10.461622 3.399187 14.000000 1.0 
11.000000 0.000000 16.000000 1.0 11.000000 0.000000 18.000000 1.0 10.461622 3.399187 18.000000 1.0 
11.000000 0.000000 16.000000 1.0 10.461622 3.399187 18.000000 1.0 10.461622 3.399187 16.000000 1.0 
11.000000 0.000000 18.000000 1.0 9.000000 0.000000 19.000000 1.0 8.559509 2.781153 19.000000 1.0 
11.000000 0.000000 18.000000 1.0 8.559509 2.781153 19.000000 1.0 10.461622 3.399187 18.000000 1.0 
9.000000 0.000000 19.000000 1.0 7.000000 0.000000 20.000000 1.0 6.657396 2.163119 20.000000 1.0 
9.000000 0.000000 19.000000 1.0 6.657396 2.163119 20.000000 1.0 8.559509 2.781153 19.000000 1.0 
7.000000 0.000000 20.000000 1.0 6.000000 0.000000 21.000000 1.0 5.706339 1.854102 21.000000 1.0 
7.000000 0.000000 20.000000 1.0 5.706339 1.854102 21.000000 1.0 6.657396 2.163119 20.000000 1.0 
6.000000 0.000000 21.000000 1.0 6.000000 0.000000 22.000000 1.0 5.706339 1.854102 22.000000 1.0 
6.000000 0.000000 21.000000 1.0 5.706339 1.854102 22.000000 1.0 5.706339 1.854102 21.000000 1.0 
6.000000 0.000000 22.000000 1.0 6.000000 0.000000 23.000000 1.0 5.706339 1.854102 23.000000 1.0 
6.000000 0.000000 22.000000 1.0 5.706339 1.854102 23.000000 1.0 5.706339 1.854102 22.000000 1.0 
6.000000 0.000000 23.000000 1.0 6.000000 0.000000 24.000000 1.0 5.706339 1.854102 24.000000 1.0 
6.000000 0.000000 23.000000 1.0 5.706339 1.854102 24.000000 1.0 5.706339 1.854102 23.000000 1.0 
6.000000 0.000000 24.000000 1.0 6.000000 0.000000 25.000000 1.0 5.706339 1.854102 25.000000 1.0 
6.000000 0.000000 24.000000 1.0 5.706339 1.854102 25.000000 1.0 5.706339 1.854102 24.000000 1.0 
6.000000 0.000000 25.000000 1.0 7.000000 0.000000 6.657396 1.0 6.657396 2.163119 5.663119 1.0 
6.000000 0.000000 25.000000 1.0 6.657396 2.163119 5.663119 1.0 5.706339 1.854102 25.000000 1.0 
7.000000 0.000000 6.657396 1.0 0.000000 0.000000 3.804226 1.0 0.000000 0.000000 3.236068 1.0 
7.000000 0.000000 6.657396 1.0 0.000000 0.000000 3.236068 1.0 6.657396 2.163119 5.663119 1.0 
0.000000 0.000000 3.804226 1.0 1.000000 0.000000 2.853170 1.0 1.000000 0.309017 2.427051 1.0 
0.000000 0.000000 3.804226 1.0 1.000000 0.309017 2.427051 1.0 0.000000 0.000000 3.236068 1.0 
1.000000 0.000000 2.853170 1.0 2.000000 0.000000 1.902113 1.0 2.000000 0.618034 1.618034 1.0 
1.000000 0.000000 2.853170 1.0 2.000000 0.618034 1.618034 1.0 1.000000 0.309017 2.427051 1.0 
2.000000 0.000000 1.902113 1.0 3.000000 0.000000 2.853170 1.0 3.000000 0.927051 2.427051 1.0 
2.000000 0.000000 1.902113 1.0 3.000000 0.927051 2.427051 1.0 2.000000 0.618034 1.618034 1.0 
3.000000 0.000000 2.853170 1.0 4.000000 0.000000 3.804226 1.0 4.000000 1.236068 3.236068 1.0 
3.000000 0.000000 2.853170 1.0 4.000000 1.236068 3.236068 1.0 3.000000 0.927051 2.427051 1.0 
